3.327054649348802351e-01 3.454155747880764404e-01 3.454155747880764404e-01 3.743514204289418723e-01 3.743514204289418723e-01 3.573265503579686753e-01
2.507047270696599051e-01 2.506337960661971231e-01 2.506337960661971231e-01 2.326337147402848249e-01 2.326337147402848249e-01 2.395710971993154914e-01
2.678592861046900642e-01 2.678546461857909122e-01 2.678546461857909122e-01 2.242742202301578058e-01 2.242742202301578058e-01 2.223327482994229831e-01
2.897710244000542557e-01 2.800901993945508761e-01 2.800901993945508761e-01 2.637098908581320678e-01 2.637098908581320678e-01 2.747025017326412688e-01
2.635915494043580276e-01 2.605754169119393060e-01 2.605729634209155154e-01 2.293959784701880833e-01 2.293959784701880833e-01 2.564381361005421689e-01
2.788800281564900452e-01 2.790063307888674404e-01 2.790286865145491513e-01 2.702559983767956475e-01 2.702559983767956475e-01 2.750553094952229438e-01
3.152374310339975394e-01 3.152374310339975394e-01 3.152374310339975394e-01 2.891052294907615061e-01 2.891052294907615061e-01 2.822425401263436995e-01
2.796330656585493402e-01 2.796330656585493402e-01 2.796330656585493402e-01 2.677039352673202255e-01 2.677039352673202255e-01 2.663933920190200144e-01
2.819102134755118727e-01 2.819102134755118727e-01 2.819102134755118727e-01 2.208342142316479240e-01 2.208342142316479240e-01 2.241565096753201924e-01
2.794579231660397345e-01 2.794579231660397345e-01 2.794579231660397345e-01 2.894137639088192882e-01 2.894137639088192882e-01 2.897348237145623284e-01
2.736702594117692011e-01 2.736702594117692011e-01 2.736702594117692011e-01 2.736702594117692011e-01 2.736702594117692011e-01 2.701706837039805076e-01
2.659938001105809913e-01 2.659938001105809913e-01 2.659938001105809913e-01 2.659938001105809913e-01 2.659938001105809913e-01 2.597022477066475710e-01
2.799003156409510251e-01 2.799003156409510251e-01 2.799003156409510251e-01 2.799003156409510251e-01 2.799003156409510251e-01 2.664920045523954117e-01
3.938412498025657404e-01 3.938412498025657404e-01 3.938412498025657404e-01 3.938412498025657404e-01 3.938412498025657404e-01 3.895453950919009478e-01
3.232723586539319460e-01 3.232723586539319460e-01 3.232723586539319460e-01 3.232723586539319460e-01 3.232723586539319460e-01 2.841861511966349840e-01
2.744987237162896387e-01 2.744987237162896387e-01 2.744987237162896387e-01 2.744987237162896387e-01 2.744987237162896387e-01 2.744987237162896387e-01
3.826594985457895670e-01 3.826594985457895670e-01 3.826594985457895670e-01 3.826594985457895670e-01 3.826594985457895670e-01 3.826594985457895670e-01
