0.000000000000000000e+00 0.000000000000000000e+00 0.000000000000000000e+00 7.338753443102143115e-02 7.338753443102143115e-02 8.696389545166767487e-02
9.876652144003902900e-02 1.068566453814814576e-01 1.068566453814814576e-01 7.419079668265213257e-02 7.419079668265213257e-02 8.495019032340224430e-02
9.871584868279324743e-02 9.874628505667329414e-02 9.874628505667329414e-02 6.854473484991722987e-02 6.854473484991722987e-02 6.359545649330593242e-02
1.323739340539411002e-01 1.123036604223628804e-01 1.123036604223628804e-01 1.629957955776634437e-01 1.629957955776634437e-01 1.455391793027596692e-01
1.017379388577653032e-01 9.655016586801783152e-02 9.651446036814291529e-02 8.688387857174877105e-02 8.688387857174877105e-02 1.000206508310381159e-01
1.079113164286087945e-01 1.072413068507444556e-01 1.071066725751085025e-01 6.593500319341402682e-02 6.593500319341402682e-02 7.587109782154667637e-02
1.257013253402165798e-01 1.257013253402165798e-01 1.257013253402165798e-01 1.270346848904303494e-01 1.270346848904303494e-01 1.321174324336310546e-01
1.050101746226780042e-01 1.050101746226780042e-01 1.050101746226780042e-01 1.186927483740942840e-01 1.186927483740942840e-01 1.132591150983255079e-01
1.160788560300190508e-01 1.160788560300190508e-01 1.160788560300190508e-01 7.367972832278736617e-02 7.367972832278736617e-02 7.067244359469529447e-02
8.239495072980695944e-02 8.239495072980695944e-02 8.239495072980695944e-02 1.213422804378860576e-01 1.213422804378860576e-01 1.160770538773310961e-01
1.108807331269480306e-01 1.108807331269480306e-01 1.108807331269480306e-01 1.108807331269480306e-01 1.108807331269480306e-01 1.094302248983028553e-01
7.188056095468275952e-02 7.188056095468275952e-02 7.188056095468275952e-02 7.188056095468275952e-02 7.188056095468275952e-02 6.281242384806595691e-02
8.841946393598763831e-02 8.841946393598763831e-02 8.841946393598763831e-02 8.841946393598763831e-02 8.841946393598763831e-02 6.471739109204892315e-02
1.145475963225884991e-01 1.145475963225884991e-01 1.145475963225884991e-01 1.145475963225884991e-01 1.145475963225884991e-01 1.182033624118719456e-01
1.602215907735303480e-01 1.602215907735303480e-01 1.602215907735303480e-01 1.602215907735303480e-01 1.602215907735303480e-01 1.085158358513057392e-01
1.014946659740682683e-01 1.014946659740682683e-01 1.014946659740682683e-01 1.014946659740682683e-01 1.014946659740682683e-01 1.014946659740682683e-01
9.831223724472991365e-02 9.831223724472991365e-02 9.831223724472991365e-02 9.831223724472991365e-02 9.831223724472991365e-02 9.831223724472991365e-02
